722000000.0,-122.31852722167969;
722100000.0,-122.2630615234375;
722200000.0,-122.40992736816406;
722300000.0,-122.3668212890625;
722400000.0,-122.40055084228516;
722500000.0,-122.40409851074219;
722600000.0,-122.38581848144531;
722700000.0,-122.4588851928711;
722800000.0,-122.51214599609375;
722900000.0,-122.34968566894531;
723000000.0,-122.29813385009766;
723100000.0,-122.14629364013672;
723200000.0,-122.10089874267578;
723300000.0,-122.26548767089844;
723400000.0,-122.23538208007812;
723500000.0,-122.24053955078125;
723600000.0,-122.09474182128906;
723700000.0,-122.19176483154297;
723800000.0,-122.33745574951172;
723900000.0,-122.25634765625;
724000000.0,-122.17146301269531;
724100000.0,-122.09329223632812;
724200000.0,-121.94898986816406;
724300000.0,-122.13319396972656;
724400000.0,-122.27099609375;
724500000.0,-122.2022705078125;
724600000.0,-122.05062866210938;
724700000.0,-121.92633056640625;
724800000.0,-121.73995208740234;
724900000.0,-121.78229522705078;
725000000.0,-126.85063171386719;
725100000.0,-121.88469696044922;
725200000.0,-121.65875244140625;
725300000.0,-122.02605438232422;
725400000.0,-122.20811462402344;
725500000.0,-122.23695373535156;
725600000.0,-122.18740844726562;
725700000.0,-122.0602798461914;
725800000.0,-122.13865661621094;
725900000.0,-122.0383071899414;
726000000.0,-121.41340637207031;
726100000.0,-121.96417236328125;
726200000.0,-122.21025085449219;
726300000.0,-122.21858978271484;
726400000.0,-122.27494049072266;
726500000.0,-122.29566955566406;
726600000.0,-122.19853210449219;
726700000.0,-122.12718200683594;
726800000.0,-122.20010375976562;
726900000.0,-122.24807739257812;
727000000.0,-122.28935241699219;
727100000.0,-122.36402893066406;
727200000.0,-122.29798126220703;
727300000.0,-122.19387817382812;
727400000.0,-122.3018798828125;
727500000.0,-122.2608642578125;
727600000.0,-122.19259643554688;
727700000.0,-122.19039154052734;
727800000.0,-122.39601135253906;
727900000.0,-122.44688415527344;
